%test21.m
C=[1 2;3 4]
D=[4 3;2 1]
C.*D
