%test22.m
x=[1 2;3 4]
y=[5 6;7 8]
x*y
