%test31.m
A=[8 1 6;3 5 7;4 9 2]
b=[1,2,3]
X1=b/A
