%test23.m
A=[1 2 3;1 2 3;1 2 3]
B=[1;2;3]
A*B
