%test9.m
A=[1 4 7
	9 2 5
	6 8 3]
